Alke
1 101
Bokfink
2 101 102
Dompap
4 101 102 103 104
Enghauk
5 101 102 103 104 105
Fossekall
6 101 102 103 104 105 106
Gjerdesmett
7 101 102 103 104 105 106 107
Heilo
8 101 102 103 104 105 106 107 108
Isfugl
9 101 102 103 104 105 106 107 108 109
Jaktfalk
10 101 102 103 104 105 106 107 108 109 110
Kattugle
11 101 102 103 104 105 106 107 108 109 110 111
Linerle
12 101 102 103 104 105 106 107 108 109 110 111 112
Myrsnipe
13 101 102 103 104 105 106 107 108 109 110 111 112 113
Nattergal
14 101 102 103 104 105 106 107 108 109 110 111 112 113 114
Orrfugl
15 101 102 103 104 105 106 107 108 109 110 111 112 113 114 115